[[['８４８ｏｗ１８４', array([0.2133789 , 0.4506836 , 0.72216797, 0.81933594, 0.34765625,
       0.49609375, 0.28173828, 0.7836914 ], dtype=float32), array([121.875, 151.125, 170.625, 190.125, 219.375, 248.625, 268.125,
       287.625]), array([ 875,  315, 1186,  354])], '848OW184'], [['０９０４８６２８４５５８４８０４５０７５４２１７５４４４４８７６４４１７０', array([1.6479492e-01, 2.8588867e-01, 4.3750000e-01, 2.8295898e-01,
       1.3232422e-01, 4.3017578e-01, 8.0273438e-01, 6.5039062e-01,
       8.9355469e-01, 9.5703125e-01, 7.3779297e-01, 4.0454102e-01,
       2.1582031e-01, 2.7809143e-03, 8.8671875e-01, 9.9121094e-01,
       9.6582031e-01, 9.8925781e-01, 1.5573502e-03, 7.6293945e-02,
       7.8125000e-03, 7.3242188e-03, 3.9306641e-02, 7.5578690e-05,
       1.2658691e-01, 6.6992188e-01, 2.7596951e-05, 8.7353516e-01,
       6.9641113e-02, 3.4301758e-02, 1.5068054e-02, 5.2413940e-03,
       1.3061523e-01, 2.5854492e-01, 3.1646729e-02, 4.4555664e-02,
       7.4234009e-03], dtype=float32), array([  21.375,   49.875,   78.375,  106.875,  135.375,  163.875,
        192.375,  220.875,  249.375,  263.625,  306.375,  334.875,
        349.125,  377.625,  391.875,  420.375,  434.625,  463.125,
        520.125,  548.625,  577.125,  605.625,  634.125,  662.625,
        705.375,  733.875,  762.375,  790.875,  819.375,  847.875,
        890.625,  919.125,  976.125, 1004.625, 1033.125, 1061.625,
       1090.125]), array([ 174,  826, 1291,  883])], '0904862845584804507542175444487644170']]