[[['１４ｂｏｗ１８４', array([0.29833984, 0.8041992 , 0.1920166 , 0.58984375, 0.3269043 ,
       0.44262695, 0.69921875, 0.83251953], dtype=float32), array([116., 140., 164., 180., 212., 236., 252., 284.]), array([ 891,  315, 1186,  347])], '14BOW184'], [['８９４９５２８５８８４３０４５０７５３５１５５１７９６８７６４８１２', array([5.2832031e-01, 6.1376953e-01, 9.4042969e-01, 1.8737793e-01,
       6.5917969e-01, 5.3515625e-01, 3.0615234e-01, 9.9023438e-01,
       1.5698242e-01, 4.3530273e-01, 1.8481445e-01, 1.4184570e-01,
       9.0136719e-01, 7.4951172e-01, 9.9414062e-01, 8.4130859e-01,
       3.6926270e-02, 7.7343750e-01, 9.3017578e-02, 1.7623901e-02,
       5.8154297e-01, 2.1133423e-03, 6.9384766e-01, 4.2919922e-01,
       1.1289120e-04, 8.0517578e-01, 1.8603516e-01, 1.4636230e-01,
       3.3843994e-02, 6.5040588e-03, 8.5058594e-01, 7.6538086e-02,
       5.6549072e-02, 2.2460938e-01], dtype=float32), array([  56.875,   89.375,  121.875,  154.375,  170.625,  203.125,
        235.625,  268.125,  300.625,  333.125,  365.625,  398.125,
        414.375,  430.625,  446.875,  479.375,  528.125,  560.625,
        593.125,  625.625,  658.125,  674.375,  706.875,  739.375,
        771.875,  804.375,  836.875,  869.375,  901.875,  934.375,
       1015.625, 1048.125, 1080.625, 1096.875]), array([ 162,  819, 1299,  884])], '8949528588430450753515517968764812']]