[[['８９８ｏｗ１３４', array([0.21765137, 0.28442383, 0.26489258, 0.5214844 , 0.6044922 ,
       0.41967773, 0.29516602, 0.86035156], dtype=float32), array([141.375, 170.625, 190.125, 209.625, 238.875, 268.125, 287.625,
       307.125]), array([ 859,  311, 1194,  350])], '898OW134'], [['８９４５５２９５５８４３０４５０７５３２１５５１５４９９１８４６１２', array([8.2177734e-01, 2.8027344e-01, 4.4213867e-01, 5.5664062e-01,
       4.5898438e-01, 4.9707031e-01, 3.0688477e-01, 9.5068359e-01,
       4.5507812e-01, 5.7763672e-01, 2.1264648e-01, 1.2731934e-01,
       7.2265625e-01, 6.5478516e-01, 9.1113281e-01, 8.3935547e-01,
       3.5247803e-02, 4.9194336e-01, 6.3720703e-02, 1.7959595e-02,
       2.0263672e-02, 3.4284592e-04, 7.4316406e-01, 1.8566895e-01,
       2.8228760e-03, 8.4716797e-01, 6.3330078e-01, 1.0513306e-02,
       4.7210693e-02, 5.0773621e-03, 6.1523438e-01, 3.9062500e-02,
       9.3872070e-02, 5.8837891e-02], dtype=float32), array([  58.625,   92.125,  108.875,  142.375,  175.875,  209.375,
        242.875,  259.625,  309.875,  343.375,  360.125,  393.625,
        410.375,  427.125,  443.875,  477.375,  527.625,  561.125,
        594.625,  611.375,  644.875,  678.375,  711.875,  745.375,
        762.125,  795.625,  829.125,  862.625,  896.125,  929.625,
       1013.375, 1046.875, 1080.375, 1097.125]), array([ 162,  817, 1298,  884])], '8945529558430450753215515499184612']]