[[['１８９４８２０１０', array([0.6542969 , 0.37695312, 0.6557617 , 0.80810547, 0.7011719 ,
       0.8305664 , 0.7368164 , 0.5371094 , 0.3972168 ], dtype=float32), array([ 43.875,  53.625,  73.125, 102.375, 121.875, 141.375, 170.625,
       190.125, 219.375]), array([ 951,  346, 1194,  385])], '189482010'], [['８９０８１２８５５８４５０４５０７５５４１７５７４６８１６４４６１', array([4.6215820e-01, 3.5302734e-01, 2.5927734e-01, 4.7070312e-01,
       4.7412109e-01, 7.1435547e-01, 6.4794922e-01, 9.2919922e-01,
       8.6132812e-01, 5.6787109e-01, 7.6074219e-01, 1.8920898e-03,
       6.7529297e-01, 9.9121094e-01, 8.8964844e-01, 6.4892578e-01,
       1.0269165e-02, 9.6923828e-02, 1.9332886e-02, 3.4103394e-03,
       4.2163086e-01, 4.5418739e-05, 3.1445312e-01, 2.8061867e-04,
       9.6679688e-01, 4.5019531e-01, 4.9468994e-02, 7.4625015e-04,
       6.4048767e-03, 4.3182373e-02, 5.9863281e-01, 8.0795288e-03,
       1.1657715e-02], dtype=float32), array([  55.125,   86.625,  118.125,  149.625,  165.375,  196.875,
        228.375,  259.875,  322.875,  338.625,  370.125,  385.875,
        401.625,  433.125,  448.875,  464.625,  527.625,  559.125,
        590.625,  622.125,  653.625,  685.125,  716.625,  763.875,
        795.375,  826.875,  874.125,  905.625,  937.125,  984.375,
       1015.875, 1047.375, 1078.875]), array([ 164,  819, 1295,  882])], '890812855845045075541757468164461']]