[[['４９４８２８７０', array([0.48217773, 0.9482422 , 0.7006836 , 0.29003906, 0.95947266,
       0.3701172 , 0.69189453, 0.31445312], dtype=float32), array([ 35.,  55.,  75., 105., 125., 155., 175., 195.]), array([ 970,  345, 1193,  385])], '49482870'], [['８５０８５２５５８４３０４５０８７５３８１５５５９４８２５４８０', array([0.22277832, 0.2854004 , 0.29833984, 0.23852539, 0.5361328 ,
       0.40625   , 0.8828125 , 0.59277344, 0.63623047, 0.11169434,
       0.2052002 , 0.7426758 , 0.81347656, 0.86328125, 0.40893555,
       0.2705078 , 0.05697632, 0.91015625, 0.38964844, 0.03295898,
       0.26391602, 0.00160599, 0.7949219 , 0.01206207, 0.89501953,
       0.06463623, 0.06298828, 0.04040527, 0.08239746, 0.82177734,
       0.11230469, 0.12237549], dtype=float32), array([  61.25,   78.75,  113.75,  148.75,  166.25,  201.25,  236.25,
        323.75,  341.25,  358.75,  393.75,  411.25,  428.75,  446.25,
        463.75,  481.25,  516.25,  551.25,  586.25,  621.25,  656.25,
        673.75,  708.75,  761.25,  796.25,  831.25,  866.25,  901.25,
        936.25,  988.75, 1041.25, 1076.25]), array([ 165,  814, 1296,  884])], '85085255843045087538155594825480']]