[[['６４８ｃｗａ８４', array([0.43139648, 0.6513672 , 0.36572266, 0.4194336 , 0.625     ,
       0.21081543, 0.55126953, 0.9892578 ], dtype=float32), array([141.375, 170.625, 190.125, 209.625, 238.875, 258.375, 287.625,
       307.125]), array([ 856,  315, 1187,  354])], '648CWA84'], [['５９９４８５２５４５８５８４０４５０７５６２１５５４５４５２１４２８２', array([3.0981445e-01, 3.0322266e-01, 4.2529297e-01, 4.4409180e-01,
       1.0034180e-01, 3.8623047e-01, 9.1601562e-01, 3.0929565e-02,
       8.4960938e-01, 9.1748047e-01, 1.3720703e-01, 8.1152344e-01,
       2.7905273e-01, 3.4790039e-01, 4.1894531e-01, 9.1015625e-01,
       9.8730469e-01, 8.8671875e-01, 4.5776367e-03, 1.9726562e-01,
       1.5426636e-02, 4.6420097e-04, 9.3139648e-02, 5.0187111e-05,
       5.5273438e-01, 1.5490723e-01, 6.7532063e-05, 8.1835938e-01,
       6.1523438e-01, 2.0614624e-02, 7.0419312e-03, 5.3262711e-04,
       7.2875977e-02, 5.4407120e-04, 1.5966797e-01], dtype=float32), array([  36.25,   65.25,   94.25,  123.25,  152.25,  181.25,  210.25,
        239.25,  253.75,  268.25,  297.25,  311.75,  340.75,  369.75,
        413.25,  427.75,  456.75,  471.25,  529.25,  558.25,  587.25,
        616.25,  645.25,  688.75,  717.75,  746.75,  775.75,  804.75,
        833.75,  862.75,  906.25,  935.25, 1007.75, 1051.25, 1094.75]), array([ 161,  828, 1293,  886])], '59948525458584045075621554545214282']]