[[['６０８ｏｗ１８４', array([0.34399414, 0.28442383, 0.27490234, 0.71240234, 0.39233398,
       0.60595703, 0.73046875, 0.16491699], dtype=float32), array([141.375, 170.625, 190.125, 209.625, 238.875, 268.125, 287.625,
       307.125]), array([ 860,  310, 1192,  349])], '608OW184'], [['８９４９５２８５５８４５９４５０７５５９１５５７９６２１４４８２', array([8.2031250e-02, 7.2021484e-01, 3.8726807e-02, 6.8298340e-02,
       1.9116211e-01, 3.4375000e-01, 6.0937500e-01, 9.9511719e-01,
       8.6767578e-01, 9.3505859e-01, 6.1523438e-01, 4.2891502e-04,
       4.4824219e-01, 4.4799805e-01, 9.5947266e-01, 4.4067383e-01,
       1.5510559e-02, 5.3076172e-01, 1.3293457e-01, 1.4066696e-03,
       2.8637695e-01, 1.8763542e-04, 9.7167969e-01, 2.1915436e-03,
       3.7890625e-01, 3.4240723e-02, 3.2409668e-02, 6.8130493e-03,
       5.1689148e-03, 6.4257812e-01, 5.6701660e-02, 5.7421875e-01],
      dtype=float32), array([  55.125,   86.625,  118.125,  149.625,  181.125,  212.625,
        228.375,  259.875,  307.125,  338.625,  370.125,  385.875,
        401.625,  433.125,  448.875,  464.625,  527.625,  559.125,
        590.625,  622.125,  653.625,  685.125,  716.625,  763.875,
        811.125,  842.625,  874.125,  905.625,  937.125, 1015.875,
       1047.375, 1094.625]), array([ 164,  820, 1298,  883])], '89495285584594507559155796214482']]