[[['４ーａｃ４６９ｙ', array([0.69384766, 0.88183594, 0.83447266, 0.26538086, 0.9770508 ,
       0.78466797, 0.14624023, 0.9760742 ], dtype=float32), array([141.375, 160.875, 190.125, 209.625, 238.875, 258.375, 287.625,
       307.125]), array([ 859,  293, 1187,  332])], '4ーAC469Y'], [['９０４９５３８４４９８５６５８７１０１４５６７６４５８７４１４', array([4.9804688e-01, 4.0820312e-01, 2.8466797e-01, 4.8583984e-01,
       5.1074219e-01, 6.6748047e-01, 1.3720703e-01, 5.5761719e-01,
       9.5507812e-01, 3.7817383e-01, 1.5014648e-01, 9.7412109e-01,
       7.9492188e-01, 7.8735352e-03, 4.9658203e-01, 2.5292969e-01,
       4.0478516e-01, 9.1845703e-01, 7.0214844e-01, 9.8535156e-01,
       1.2031555e-02, 9.8205566e-02, 6.3943863e-04, 4.7412109e-01,
       9.9218750e-01, 1.9226074e-01, 2.0751953e-01, 8.4519386e-05,
       5.1806641e-01, 1.1154175e-02, 1.3012695e-01], dtype=float32), array([ 36.875,  81.125, 110.625, 125.375, 154.875, 184.375, 213.875,
       228.625, 258.125, 272.875, 302.375, 331.875, 346.625, 376.125,
       405.625, 420.375, 435.125, 464.625, 523.625, 553.125, 582.625,
       612.125, 641.625, 671.125, 715.375, 744.875, 774.375, 803.875,
       907.125, 936.625, 966.125]), array([ 124,  837, 1123,  896])], '9049538449856587101456764587414']]