[[['３９８ｏｗ１３４', array([0.38476562, 0.5239258 , 0.47265625, 0.8051758 , 0.38378906,
       0.48388672, 0.28295898, 0.81640625], dtype=float32), array([141.375, 170.625, 190.125, 209.625, 238.875, 268.125, 287.625,
       307.125]), array([ 860,  310, 1192,  349])], '398OW134'], [['１８９４８２５５５８２０４５０８７５３２１７５１５９９８７０４４８１２', array([2.5610352e-01, 3.4545898e-01, 2.5048828e-01, 4.3457031e-01,
       6.3671875e-01, 6.2597656e-01, 4.3798828e-01, 8.5400391e-01,
       8.3984375e-01, 5.5908203e-01, 1.5698242e-01, 6.1865234e-01,
       7.8662109e-01, 8.4814453e-01, 7.5781250e-01, 4.5837402e-02,
       8.7158203e-02, 8.7060547e-01, 3.4594727e-01, 1.9058228e-02,
       6.7431641e-01, 1.1358261e-03, 8.1738281e-01, 2.1228027e-01,
       2.1529198e-04, 8.0712891e-01, 1.3549805e-01, 1.2207031e-02,
       6.9351196e-03, 4.7225952e-03, 6.7077637e-02, 8.1542969e-01,
       2.6809692e-02, 3.0242920e-02, 1.5246582e-01], dtype=float32), array([  40.,   56.,   88.,  120.,  152.,  200.,  232.,  264.,  328.,
        344.,  360.,  408.,  424.,  456.,  472.,  488.,  520.,  552.,
        584.,  616.,  648.,  680.,  712.,  744.,  776.,  808.,  840.,
        872.,  904.,  936.,  984., 1016., 1048., 1080., 1096.]), array([ 162,  819, 1296,  883])], '18948255582045087532175159987044812']]