[[['０９４１和２８７４', array([0.41430664, 0.8774414 , 0.87597656, 0.3059082 , 0.30981445,
       0.9716797 , 0.53466797, 0.41967773, 0.38867188], dtype=float32), array([ 34.125,  53.625,  82.875, 102.375, 112.125, 131.625, 151.125,
       180.375, 199.875]), array([ 966,  346, 1192,  385])], '0941和2874'], [['５８９０８８２５５８３０４５０８７５５２１７５４７９６２７４４１２０', array([2.49755859e-01, 1.18652344e-01, 2.99316406e-01, 4.14550781e-01,
       4.49951172e-01, 2.93945312e-01, 2.66113281e-01, 8.95019531e-01,
       8.03710938e-01, 4.66308594e-01, 6.44683838e-03, 4.19921875e-01,
       7.38769531e-01, 7.73925781e-01, 7.16796875e-01, 3.89404297e-02,
       7.00073242e-02, 7.91503906e-01, 1.32568359e-01, 4.63256836e-02,
       9.52636719e-01, 2.79235840e-03, 6.46972656e-01, 4.17724609e-01,
       1.27792358e-04, 8.55957031e-01, 3.08990479e-02, 9.11865234e-02,
       4.34570312e-02, 1.88476562e-01, 9.26757812e-01, 7.32421875e-02,
       7.49511719e-01, 3.09570312e-01], dtype=float32), array([  24.75,   57.75,   90.75,  107.25,  140.25,  173.25,  206.25,
        239.25,  305.25,  338.25,  387.75,  404.25,  420.75,  453.75,
        470.25,  486.75,  519.75,  552.75,  585.75,  618.75,  651.75,
        668.25,  701.25,  734.25,  767.25,  800.25,  833.25,  866.25,
        899.25,  981.75, 1014.75, 1047.75, 1080.75, 1097.25]), array([ 167,  819, 1301,  885])], '5890882558304508755217547962744120']]