[[['ｂ９８０ｗｎ８４', array([0.2241211 , 0.47192383, 0.7866211 , 0.64160156, 0.72216797,
       0.17163086, 0.6772461 , 0.66064453], dtype=float32), array([136.125, 160.875, 185.625, 210.375, 235.125, 259.875, 276.375,
       309.375]), array([ 861,  325, 1185,  358])], 'B980WN84'], [['８３９４９５８５５８５８５８９４５０７５３１７５１７９６２１０４１２', array([4.4531250e-01, 3.5247803e-03, 8.5351562e-01, 4.4360352e-01,
       1.1218262e-01, 9.0771484e-01, 2.8637695e-01, 7.3388672e-01,
       9.4921875e-01, 1.1730957e-01, 7.6025391e-01, 8.5107422e-01,
       3.5253906e-01, 3.0612946e-03, 9.3017578e-01, 8.0322266e-01,
       9.8730469e-01, 8.8818359e-01, 3.5064697e-02, 6.6259766e-01,
       3.5648346e-03, 6.0937500e-01, 7.7009201e-04, 9.0380859e-01,
       8.4570312e-01, 1.3532639e-03, 9.4921875e-01, 3.8159180e-01,
       5.7617188e-01, 1.4705658e-03, 2.6168823e-02, 6.8603516e-02,
       4.1351318e-02, 7.1240234e-01], dtype=float32), array([   7.875,   39.375,   70.875,  102.375,  133.875,  149.625,
        181.125,  212.625,  244.125,  275.625,  307.125,  322.875,
        338.625,  370.125,  385.875,  417.375,  433.125,  448.875,
        511.875,  527.625,  590.625,  637.875,  653.625,  685.125,
        716.625,  748.125,  779.625,  811.125,  842.625,  874.125,
        905.625,  984.375, 1031.625, 1063.125]), array([ 178,  831, 1298,  894])], '8394958558585894507531751796210412']]