[[['６００ｏｗ和１８４', array([0.48999023, 0.48217773, 0.23791504, 0.80126953, 0.4506836 ,
       0.31274414, 0.76708984, 0.7817383 , 0.84716797], dtype=float32), array([141.375, 170.625, 190.125, 209.625, 238.875, 258.375, 268.125,
       287.625, 307.125]), array([ 859,  315, 1192,  354])], '600OW和184'], [['８９４９５２５５８８４０４５８７５８２１７５４５４６８７６', array([9.75952148e-02, 3.87207031e-01, 9.11621094e-01, 2.09472656e-01,
       7.89062500e-01, 6.18164062e-01, 4.43359375e-01, 9.69726562e-01,
       1.79443359e-01, 6.25488281e-01, 6.12304688e-01, 5.53710938e-01,
       8.06152344e-01, 9.55078125e-01, 2.06420898e-01, 1.79595947e-02,
       4.63867188e-01, 1.13220215e-01, 3.09753418e-03, 3.64013672e-01,
       3.54766846e-04, 1.08398438e-01, 1.94213867e-01, 1.43051147e-04,
       6.84570312e-01, 4.08203125e-01, 2.25524902e-02, 4.11605835e-03,
       2.98004150e-02], dtype=float32), array([ 56.875,  89.375, 121.875, 138.125, 170.625, 203.125, 235.625,
       268.125, 300.625, 333.125, 365.625, 398.125, 430.625, 446.875,
       479.375, 528.125, 544.375, 576.875, 609.375, 641.875, 674.375,
       706.875, 739.375, 771.875, 804.375, 836.875, 869.375, 901.875,
       934.375]), array([ 162,  820, 1129,  885])], '89495255884045875821754546876']]