[[['４ーａヒ８６８ｙ', array([0.53222656, 0.98291016, 0.47460938, 0.32543945, 0.4008789 ,
       0.82470703, 0.18847656, 0.70703125], dtype=float32), array([131.75, 157.25, 182.75, 199.75, 225.25, 250.75, 276.25, 293.25]), array([ 871,  278, 1186,  312])], '4ーAヒ868Y'], [['９９４２８４５５８４２９４５０７５６４１５４７４６２７２４４６２', array([4.5989990e-02, 5.7763672e-01, 1.0607910e-01, 6.3427734e-01,
       1.0418701e-01, 7.2802734e-01, 9.8925781e-01, 9.4189453e-01,
       5.2441406e-01, 8.7646484e-02, 4.3563843e-03, 4.3359375e-01,
       9.7265625e-01, 9.8828125e-01, 8.5693359e-01, 1.8119812e-03,
       7.8735352e-02, 1.2001038e-02, 1.1245728e-02, 6.4208984e-02,
       3.8696289e-01, 6.7822266e-01, 6.9916248e-05, 9.8291016e-01,
       3.9941406e-01, 7.8564453e-01, 1.0604858e-03, 2.8495789e-03,
       1.5487671e-02, 3.4277344e-01, 1.0437012e-02, 2.8466797e-01],
      dtype=float32), array([  51.625,   81.125,  110.625,  199.125,  228.625,  258.125,
        272.875,  302.375,  346.625,  361.375,  390.875,  405.625,
        420.375,  449.875,  464.625,  523.625,  553.125,  582.625,
        612.125,  656.375,  715.375,  744.875,  774.375,  803.875,
        833.375,  862.875,  892.375,  921.875,  980.875, 1010.375,
       1039.875, 1098.875]), array([ 168,  821, 1302,  880])], '99428455842945075641547462724462']]