[[['４９４８２６７０', array([0.49047852, 0.8769531 , 0.6689453 , 0.5336914 , 0.9194336 ,
       0.32128906, 0.4321289 , 0.42456055], dtype=float32), array([ 46.125,  66.625,  87.125, 107.625, 138.375, 158.875, 179.375,
       210.125]), array([ 960,  339, 1193,  380])], '49482670'], [['５９９８８１２９５５４２０４５０８７５５２１７５１７９６２１６', array([2.0861816e-01, 6.8896484e-01, 3.2641602e-01, 6.1816406e-01,
       1.8041992e-01, 4.6875000e-01, 2.8002930e-01, 7.2509766e-01,
       9.8925781e-01, 8.1005859e-01, 5.5322266e-01, 1.0333252e-01,
       6.0742188e-01, 9.5068359e-01, 9.7509766e-01, 9.6240234e-01,
       9.3917847e-03, 2.9876709e-02, 6.7626953e-01, 9.4909668e-02,
       2.8705597e-03, 6.6943359e-01, 1.3866425e-03, 4.9194336e-01,
       6.1181641e-01, 3.4236908e-04, 8.2861328e-01, 1.8334961e-01,
       2.4127960e-03, 2.8076172e-02, 3.4713745e-03], dtype=float32), array([ 23.25,  54.25,  85.25, 116.25, 147.25, 162.75, 209.25, 240.25,
       271.25, 317.75, 364.25, 395.25, 410.75, 426.25, 441.75, 472.75,
       488.25, 519.25, 550.25, 581.25, 612.25, 643.25, 674.25, 705.25,
       736.25, 767.25, 798.25, 829.25, 860.25, 891.25, 922.25]), array([ 168,  820, 1135,  882])], '5998812955420450875521751796216']]