[[['１４８ｏ８８４', array([0.23876953, 0.7558594 , 0.5986328 , 0.7944336 , 0.43945312,
       0.16430664, 0.9003906 ], dtype=float32), array([144.375, 161.875, 188.125, 214.375, 258.125, 284.375, 310.625]), array([ 861,  323, 1187,  358])], '148O884'], [['８９４１６７２８４５５０８０４５０７４４２１４５４４４６８７３', array([6.0821533e-02, 2.2106934e-01, 6.7236328e-01, 8.7707520e-02,
       2.6489258e-01, 2.6123047e-01, 8.0371094e-01, 4.7631836e-01,
       9.8828125e-01, 9.5166016e-01, 8.7500000e-01, 6.3769531e-01,
       1.6584396e-03, 9.4189453e-01, 7.5341797e-01, 9.9023438e-01,
       9.9023438e-01, 6.0195923e-03, 1.4331055e-01, 3.9489746e-02,
       2.6657104e-02, 1.9464493e-03, 2.5773048e-04, 3.6334991e-03,
       4.4750977e-01, 5.9485435e-05, 1.0000000e+00, 9.3017578e-01,
       3.2226562e-02, 8.2015991e-03, 1.4219284e-03], dtype=float32), array([ 48.125,  89.375, 116.875, 144.375, 171.875, 185.625, 199.375,
       226.875, 254.375, 268.125, 309.375, 336.875, 378.125, 405.625,
       419.375, 446.875, 460.625, 515.625, 556.875, 584.375, 611.875,
       639.375, 680.625, 708.125, 735.625, 763.125, 790.625, 831.875,
       859.375, 886.875, 928.125]), array([ 163,  827, 1126,  882])], '8941672845508045074421454446873']]