[[['６０８ｏｗ１８４', array([0.6850586 , 0.2861328 , 0.59033203, 0.96435547, 0.5004883 ,
       0.2277832 , 0.8442383 , 0.68652344], dtype=float32), array([131.75, 148.75, 174.25, 199.75, 225.25, 250.75, 267.75, 293.25]), array([ 873,  323, 1186,  357])], '608OW184'], [['８８９４８５２８５５８４５０４５０７５５８１７５１５４６８７６４１３０', array([3.7646484e-01, 1.0076904e-01, 5.5908203e-01, 7.9736328e-01,
       3.1103516e-01, 5.8691406e-01, 8.4277344e-01, 6.6992188e-01,
       8.7060547e-01, 6.7529297e-01, 6.2451172e-01, 6.4892578e-01,
       3.2272339e-03, 6.4550781e-01, 9.6240234e-01, 9.3701172e-01,
       4.5874023e-01, 2.3361206e-02, 2.8515625e-01, 2.8747559e-02,
       1.6202927e-03, 2.4035645e-01, 4.2915344e-05, 3.0981445e-01,
       3.5327148e-01, 6.3061714e-05, 8.3984375e-01, 1.7724609e-01,
       9.1857910e-02, 4.8179626e-03, 4.3258667e-03, 7.3730469e-01,
       2.7847290e-03, 6.0607910e-02, 3.7139893e-02], dtype=float32), array([  23.25,   54.25,   85.25,  116.25,  147.25,  162.75,  193.75,
        224.75,  255.75,  317.75,  333.25,  364.25,  379.75,  395.25,
        426.25,  441.75,  472.75,  519.25,  550.25,  581.25,  612.25,
        643.25,  674.25,  705.25,  736.25,  767.25,  798.25,  829.25,
        860.25,  891.25,  922.25,  984.25, 1046.25, 1077.25, 1092.75]), array([ 164,  828, 1296,  890])], '88948528558450450755817515468764130']]