[[['６９ｒ４ｏｗ１８４', array([0.4013672 , 0.2220459 , 0.38671875, 0.24951172, 0.5683594 ,
       0.45629883, 0.3190918 , 0.6870117 , 0.9038086 ], dtype=float32), array([131.625, 151.125, 170.625, 190.125, 199.875, 219.375, 248.625,
       268.125, 297.375]), array([ 875,  316, 1188,  355])], '69R4OW184'], [['８９４８１２９５５８２０４５０７５６４１４５４４４６８７６４６１３', array([1.23046875e-01, 3.34228516e-01, 6.94824219e-01, 3.99414062e-01,
       6.23046875e-01, 5.84472656e-01, 4.78515625e-01, 9.95117188e-01,
       8.01757812e-01, 4.82910156e-01, 2.14080811e-02, 6.55273438e-01,
       9.89257812e-01, 9.80957031e-01, 9.16015625e-01, 2.71415710e-03,
       1.31835938e-01, 2.18048096e-02, 3.90625000e-02, 1.35131836e-01,
       6.62803650e-05, 2.15454102e-02, 3.66210938e-01, 3.10540199e-05,
       9.93164062e-01, 6.94824219e-01, 1.65771484e-01, 3.03649902e-02,
       9.51385498e-03, 3.07373047e-01, 5.75256348e-02, 6.51245117e-02,
       4.58145142e-03], dtype=float32), array([  52.5,   82.5,  112.5,  142.5,  157.5,  187.5,  232.5,  262.5,
        292.5,  337.5,  382.5,  397.5,  427.5,  442.5,  457.5,  517.5,
        547.5,  577.5,  607.5,  637.5,  667.5,  697.5,  727.5,  757.5,
        787.5,  832.5,  862.5,  892.5,  922.5,  982.5, 1042.5, 1072.5,
       1087.5]), array([ 169,  822, 1296,  882])], '894812955820450756414544468764613']]