[[['３９８０ｗ１８４', array([0.49804688, 0.5292969 , 0.9472656 , 0.47753906, 0.4008789 ,
       0.20532227, 0.8881836 , 0.82910156], dtype=float32), array([143.375, 161.875, 189.625, 208.125, 235.875, 263.625, 282.125,
       309.875]), array([ 862,  326, 1190,  363])], '3980W184'], [['８９４８５２９５５８４９４５０７５３２１７５７４９８１９４１１２', array([1.4831543e-01, 5.4345703e-01, 4.1015625e-01, 6.7089844e-01,
       5.3564453e-01, 5.6591797e-01, 4.7094727e-01, 8.8671875e-01,
       1.8518066e-01, 8.1640625e-01, 5.4492188e-01, 3.3959961e-01,
       7.7050781e-01, 9.8193359e-01, 9.0283203e-01, 2.8060913e-02,
       7.3144531e-01, 1.2609863e-01, 7.2059631e-03, 9.1601562e-01,
       5.6505203e-04, 9.4726562e-01, 1.0547638e-03, 8.6914062e-01,
       4.5501709e-02, 7.8735352e-03, 5.6304932e-02, 2.8495789e-03,
       6.1523438e-01, 6.5673828e-02, 5.4138184e-02, 2.5268555e-01],
      dtype=float32), array([  39.375,   70.875,  102.375,  133.875,  165.375,  181.125,
        196.875,  244.125,  291.375,  322.875,  354.375,  385.875,
        417.375,  433.125,  448.875,  511.875,  543.375,  574.875,
        606.375,  637.875,  669.375,  700.875,  748.125,  779.625,
        826.875,  858.375,  889.875,  921.375, 1000.125, 1031.625,
       1063.125, 1078.875]), array([ 177,  835, 1294,  898])], '89485295584945075321757498194112']]