[[['６４８０ｗｎ８４', array([0.43798828, 0.62939453, 0.47753906, 0.69384766, 0.2475586 ,
       0.12463379, 0.47973633, 0.47143555], dtype=float32), array([118.75, 137.75, 166.25, 185.25, 213.75, 232.75, 261.25, 280.25]), array([ 885,  320, 1187,  358])], '6480WN84'], [['８９４８５２８４５５４２０４５０７５６４４４４４６８７６', array([6.5917969e-02, 6.1718750e-01, 5.8300781e-01, 3.3496094e-01,
       2.7954102e-01, 9.0917969e-01, 5.6689453e-01, 4.5751953e-01,
       9.2675781e-01, 8.6035156e-01, 3.2031250e-01, 7.5683594e-02,
       7.9394531e-01, 9.1992188e-01, 9.9121094e-01, 9.5605469e-01,
       2.5596619e-03, 1.7730713e-02, 1.3551712e-03, 3.3447266e-02,
       1.5630722e-03, 2.6464462e-05, 9.9304199e-02, 1.0000000e+00,
       8.0078125e-01, 7.6293945e-02, 4.5623779e-02, 3.7288666e-03],
      dtype=float32), array([ 51.625,  81.125, 110.625, 140.125, 169.625, 199.125, 228.625,
       258.125, 272.875, 317.125, 361.375, 390.875, 405.625, 420.375,
       449.875, 464.625, 523.625, 553.125, 582.625, 612.125, 641.625,
       671.125, 730.125, 803.875, 833.375, 862.875, 892.375, 921.875]), array([ 160,  823, 1125,  882])], '8948528455420450756444446876']]