[[['９和２０７０', array([0.7915039 , 0.40600586, 0.6748047 , 0.7216797 , 0.62060547,
       0.42749023], dtype=float32), array([ 14.625,  43.875,  63.375,  92.625, 112.125, 141.375]), array([1032,  344, 1193,  383])], '9和2070'], [['３９４８５９５５８５８４５９４５０８７５５２１７５１５９６２１２４５２', array([4.1107178e-02, 8.3886719e-01, 4.2602539e-01, 1.9104004e-01,
       7.6757812e-01, 3.6303711e-01, 5.5126953e-01, 9.8095703e-01,
       6.1676025e-02, 8.7841797e-01, 6.4843750e-01, 8.0505371e-02,
       9.4604492e-03, 5.2148438e-01, 3.1640625e-01, 9.7412109e-01,
       4.7802734e-01, 2.3002625e-03, 3.8330078e-02, 9.1406250e-01,
       1.7395020e-01, 4.8583984e-02, 7.4951172e-01, 1.1053085e-03,
       9.8535156e-01, 1.2060547e-01, 4.1627884e-04, 7.0556641e-01,
       2.1972656e-02, 8.6441040e-03, 5.0926208e-04, 2.3895264e-02,
       2.8662109e-01, 1.6107559e-03, 3.6651611e-02], dtype=float32), array([  56.,   88.,  120.,  152.,  168.,  200.,  232.,  264.,  296.,
        312.,  344.,  360.,  392.,  408.,  424.,  456.,  472.,  488.,
        520.,  552.,  584.,  616.,  648.,  680.,  712.,  744.,  776.,
        808.,  840.,  872.,  904.,  936., 1016., 1048., 1096.]), array([ 163,  818, 1297,  882])], '39485955858459450875521751596212452']]